0 594152000 3105501
1 594152000 3105496
2 594152000 3105488
3 594152000 3105477
4 594152000 3105462
5 594152000 3105443
6 594152000 3105421
7 594152000 3105395
8 594152000 3105366
9 594152000 3105333
10 594152000 3105297
11 594152000 3105257
12 594152000 3105213
13 594152000 3105166
14 594152000 3105116
15 594152000 3105061
16 594152000 3105004
17 594152000 3104942
18 594152000 3104877
19 594152000 3104809
20 594152000 3104737
21 594152000 3104661
22 594152000 3104582
23 594152000 3104500
24 594152000 3104413
25 594152000 3104323
26 594152000 3104230
27 594152000 3104133
28 594152000 3104033
29 594152000 3103929
30 594152000 3103821
31 594152000 3103710
32 594152000 3103595
33 594152000 3103477
34 594152000 3103355
35 594152000 3103229
36 594152000 3103100
37 594152000 3102968
38 594152000 3102832
39 594152000 3102692
40 594152000 3102549
41 594152000 3102402
42 594152000 3102252
43 594152000 3102098
44 594152000 3101941
45 594152000 3101780
46 594152000 3101615
47 594152000 3101447
48 594152000 3101275
49 594152000 3101100
50 594152000 3100921
51 594152000 3100739
52 594152000 3100553
53 594152000 3100364
54 594152000 3100171
55 594152000 3099974
56 594152000 3099774
57 594152000 3099570
58 594152000 3099363
59 594152000 3099152
60 594152000 3098938
61 594152000 3098720
62 594152000 3098499
63 594152000 3098274
64 594152000 3098045
65 594152000 3097813
66 594152000 3097577
67 594152000 3097338
68 594152000 3097095
69 594152000 3096849
70 594152000 3096599
71 594152000 3096346
72 594152000 3096089
73 594152000 3095828
74 594152000 3095564
75 594152000 3095297
76 594152000 3095026
77 594152000 3094751
78 594152000 3094473
79 594152000 3094191
80 594152000 3093905
81 594152000 3093617
82 594152000 3093324
83 594152000 3093028
84 594152000 3092729
85 594152000 3092426
86 594152000 3092119
87 594152000 3091809
88 594152000 3091495
89 594152000 3091178
90 594152000 3090857
91 594152000 3090533
92 594152000 3090205
93 594152000 3089873
94 594152000 3089538
95 594152000 3089200
96 594152000 3088858
97 594152000 3088512
98 594152000 3088163
99 594152000 3087811
100 594152000 3087454
101 594152000 3087095
102 594152000 3086731
103 594152000 3086364
104 594152000 3085994
105 594152000 3085620
106 594152000 3085243
107 594152000 3084862
108 594152000 3084477
109 594152000 3084089
110 594152000 3083698
111 594152000 3083303
112 594152000 3082904
113 594152000 3082502
114 594152000 3082096
115 594152000 3081687
116 594152000 3081274
117 594152000 3080858
118 594152000 3080438
119 594152000 3080014
120 594152000 3079588
121 594152000 3079157
122 594152000 3078723
123 594152000 3078286
124 594152000 3077845
125 594152000 3077400
126 594152000 3076952
127 594152000 3076501
128 594152000 3076045
129 594152000 3075587
130 594152000 3075125
131 594152000 3074659
132 594152000 3074190
133 594152000 3073717
134 594152000 3073241
135 594152000 3072761
136 594152000 3072278
137 594152000 3071791
138 594152000 3071300
139 594152000 3070807
140 594152000 3070309
141 594152000 3069808
142 594152000 3069304
143 594152000 3068796
144 594152000 3068285
145 594152000 3067770
146 594152000 3067251
147 594152000 3066729
148 594152000 3066204
149 594152000 3065675
150 594152000 3065142
151 594152000 3064606
152 594152000 3064067
153 594152000 3063524
154 594152000 3062977
155 594152000 3062427
156 594152000 3061873
157 594152000 3061316
158 594152000 3060756
159 594152000 3060192
160 594152000 3059624
161 594152000 3059053
162 594152000 3058478
163 594152000 3057900
164 594152000 3057319
165 594152000 3056733
166 594152000 3056145
167 594152000 3055553
168 594152000 3054957
169 594152000 3054358
170 594152000 3053755
171 594152000 3053149
172 594152000 3052540
173 594152000 3051927
174 594152000 3051310
175 594152000 3050690
176 594152000 3050066
177 594152000 3049439
178 594152000 3048809
179 594152000 3048175
180 594152000 3047537
181 594152000 3046896
182 594152000 3046252
183 594152000 3045604
184 594152000 3044952
185 594152000 3044297
186 594152000 3043639
187 594152000 3042977
188 594152000 3042311
189 594152000 3041642
190 594152000 3040970
191 594152000 3040294
192 594152000 3039615
193 594152000 3038932
194 594152000 3038246
195 594152000 3037556
196 594152000 3036863
197 594152000 3036166
198 594152000 3035466
199 594152000 3034762
200 594152000 3034055
201 594152000 3033344
202 594152000 3032630
203 594152000 3031913
204 594152000 3031191
205 594152000 3030467
206 594152000 3029739
207 594152000 3029008
208 594152000 3028273
209 594152000 3027534
210 594152000 3026792
211 594152000 3026047
212 594152000 3025298
213 594152000 3024546
214 594152000 3023790
215 594152000 3023031
216 594152000 3022269
217 594152000 3021503
218 594152000 3020733
219 594152000 3019960
220 594152000 3019184
221 594152000 3018404
222 594152000 3017621
223 594152000 3016834
224 594152000 3016044
225 594152000 3015250
226 594152000 3014453
227 594152000 3013652
228 594152000 3012848
229 594152000 3012041
230 594152000 3011230
231 594152000 3010415
232 594152000 3009598
233 594152000 3008776
234 594152000 3007952
235 594152000 3007124
236 594152000 3006292
237 594152000 3005457
238 594152000 3004619
239 594152000 3003777
240 594152000 3002931
241 594152000 3002083
242 594152000 3001231
243 594152000 3000375
244 594152000 2999516
245 594152000 2998654
246 594152000 2997788
247 594152000 2996918
248 594152000 2996046
249 594152000 2995170
250 594152000 2994290
251 594152000 2993407
252 594152000 2992521
253 594152000 2991631
254 594152000 2990737
255 594152000 2989841
256 594152000 2988941
257 594152000 2988037
258 594152000 2987130
259 594152000 2986220
260 594152000 2985306
261 594152000 2984389
262 594152000 2983469
263 594152000 2982545
264 594152000 2981617
265 594152000 2980686
266 594152000 2979752
267 594152000 2978815
268 594152000 2977874
269 594152000 2976929
270 594152000 2975981
271 594152000 2975030
272 594152000 2974076
273 594152000 2973118
274 594152000 2972156
275 594152000 2971192
276 594152000 2970223
277 594152000 2969252
278 594152000 2968277
279 594152000 2967299
280 594152000 2966317
281 594152000 2965332
282 594152000 2964343
283 594152000 2963351
284 594152000 2962356
285 594152000 2961358
286 594152000 2960355
287 594152000 2959350
288 594152000 2958341
289 594152000 2957329
290 594152000 2956314
291 594152000 2955295
292 594152000 2954272
293 594152000 2953247
294 594152000 2952218
295 594152000 2951185
296 594152000 2950150
297 594152000 2949111
298 594152000 2948068
299 594152000 2947022
300 594152000 2945973
301 594152000 2944920
302 594152000 2943865
303 594152000 2942805
304 594152000 2941743
305 594152000 2940677
306 594152000 2939607
307 594152000 2938535
308 594152000 2937459
309 661126500 2936379
310 661126500 2935296
311 661126500 2934210
312 661126500 2933121
313 661126500 2932028
314 661126500 2930932
315 661126500 2929832
316 661126500 2928730
317 661126500 2927624
318 661126500 2926514
319 661126500 2925401
320 661126500 2924285
321 661126500 2923166
322 661126500 2922043
323 661126500 2920917
324 661126500 2919787
325 661126500 2918654
326 661126500 2917518
327 661126500 2916379
328 661126500 2915236
329 661126500 2914090
330 661126500 2912940
331 661126500 2911788
332 661126500 2910632
333 661126500 2909472
334 661126500 2908310
335 661126500 2907144
336 661126500 2905974
337 661126500 2904802
338 661126500 2903626
339 661126500 2902447
340 661126500 2901264
341 661126500 2900078
342 661126500 2898889
343 661126500 2897697
344 661126500 2896501
345 661126500 2895302
346 661126500 2894099
347 661126500 2892894
348 661126500 2891685
349 661126500 2890473
350 661126500 2889257
351 661126500 2888038
352 661126500 2886816
353 661126500 2885591
354 661126500 2884362
355 661126500 2883130
356 661126500 2881895
357 661126500 2880657
358 661126500 2879415
359 661126500 2878170
360 661126500 2876921
361 661126500 2875670
362 661126500 2874415
363 661126500 2873157
364 661126500 2871896
365 661126500 2870631
366 661126500 2869363
367 661126500 2868092
368 661126500 2866817
369 661126500 2865540
370 661126500 2864259
371 661126500 2862974
372 661126500 2861687
373 661126500 2860396
374 661126500 2859102
375 661126500 2857805
376 661126500 2856504
377 661126500 2855201
378 661126500 2853894
379 661126500 2852584
380 661126500 2851270
381 661126500 2849953
382 661126500 2848633
383 661126500 2847310
384 661126500 2845984
385 661126500 2844654
386 661126500 2843321
387 661126500 2841985
388 661126500 2840646
389 661126500 2839303
390 661126500 2837958
391 661126500 2836609
392 661126500 2835256
393 661126500 2833901
394 661126500 2832542
395 661126500 2831180
396 661126500 2829815
397 661126500 2828447
398 661126500 2827076
399 661126500 2825701
400 661126500 2824323
401 661126500 2822942
402 661126500 2821557
403 661126500 2820170
404 661126500 2818779
405 661126500 2817385
406 661126500 2815988
407 661126500 2814588
408 661126500 2813184
409 661126500 2811778
410 661126500 2810368
411 661126500 2808955
412 661126500 2807538
413 661126500 2806119
414 661126500 2804696
415 661126500 2803270
416 661126500 2801841
417 661126500 2800409
418 661126500 2798974
419 661126500 2797535
420 661126500 2796094
421 661126500 2794649
422 661126500 2793201
423 661126500 2791750
424 661126500 2790295
425 661126500 2788838
426 661126500 2787377
427 661126500 2785913
428 661126500 2784446
429 661126500 2782976
430 661126500 2781503
431 661126500 2780027
432 661126500 2778547
433 661126500 2777064
434 661126500 2775578
435 661126500 2774089
436 661126500 2772597
437 661126500 2771102
438 661126500 2769604
439 661126500 2768102
440 661126500 2766597
441 661126500 2765090
442 661126500 2763579
443 661126500 2762065
444 661126500 2760547
445 661126500 2759027
446 661126500 2757504
447 661126500 2755977
448 661126500 2754447
449 661126500 2752915
450 661126500 2751379
451 661126500 2749840
452 661126500 2748298
453 661126500 2746752
454 661126500 2745204
455 661126500 2743653
456 661126500 2742098
457 661126500 2740540
458 661126500 2738980
459 661126500 2737416
460 661126500 2735849
461 661126500 2734279
462 661126500 2732706
463 661126500 2731130
464 661126500 2729550
465 661126500 2727968
466 661126500 2726383
467 661126500 2724794
468 661126500 2723202
469 661126500 2721608
470 661126500 2720010
471 661126500 2718409
472 661126500 2716805
473 661126500 2715198
474 661126500 2713588
475 661126500 2711975
476 661126500 2710359
477 661126500 2708740
478 661126500 2707118
479 661126500 2705493
480 661126500 2703864
481 661126500 2702233
482 661126500 2700599
483 661126500 2698961
484 661126500 2697321
485 661126500 2695677
486 661126500 2694030
487 661126500 2692381
488 661126500 2690728
489 661126500 2689072
490 661126500 2687414
491 661126500 2685752
492 661126500 2684087
493 661126500 2682419
494 661126500 2680749
495 661126500 2679075
496 661126500 2677398
497 661126500 2675718
498 661126500 2674035
499 661126500 2672349
500 661126500 2670660
501 661126500 2668969
502 661126500 2667274
503 661126500 2665576
504 661126500 2663875
505 661126500 2662171
506 661126500 2660464
507 661126500 2658754
508 661126500 2657041
509 661126500 2655325
510 661126500 2653607
511 661126500 2651885
512 661126500 2650160
513 661126500 2648432
514 661126500 2646701
515 661126500 2644968
516 661126500 2643231
517 661126500 2641491
518 661126500 2639749
519 743736500 2638003
520 743736500 2636255
521 743736500 2634503
522 743736500 2632749
523 743736500 2630991
524 743736500 2629231
525 743736500 2627467
526 743736500 2625701
527 743736500 2623932
528 743736500 2622160
529 743736500 2620385
530 743736500 2618607
531 743736500 2616826
532 743736500 2615042
533 743736500 2613255
534 743736500 2611465
535 743736500 2609672
536 743736500 2607877
537 743736500 2606078
538 743736500 2604277
539 743736500 2602472
540 743736500 2600665
541 743736500 2598855
542 743736500 2597042
543 743736500 2595226
544 743736500 2593407
545 743736500 2591585
546 743736500 2589760
547 743736500 2587933
548 743736500 2586102
549 743736500 2584269
550 743736500 2582432
551 743736500 2580593
552 743736500 2578751
553 743736500 2576906
554 743736500 2575058
555 743736500 2573208
556 743736500 2571354
557 743736500 2569497
558 743736500 2567638
559 743736500 2565776
560 743736500 2563911
561 743736500 2562043
562 743736500 2560172
563 743736500 2558298
564 743736500 2556422
565 743736500 2554543
566 743736500 2552660
567 743736500 2550775
568 743736500 2548887
569 743736500 2546997
570 743736500 2545103
571 743736500 2543207
572 743736500 2541307
573 743736500 2539405
574 743736500 2537500
575 743736500 2535592
576 743736500 2533682
577 743736500 2531768
578 743736500 2529852
579 743736500 2527933
580 743736500 2526011
581 743736500 2524087
582 743736500 2522159
583 743736500 2520229
584 743736500 2518296
585 743736500 2516360
586 743736500 2514421
587 743736500 2512480
588 743736500 2510535
589 743736500 2508588
590 743736500 2506639
591 743736500 2504686
592 743736500 2502730
593 743736500 2500772
594 743736500 2498811
595 743736500 2496848
596 743736500 2494881
597 743736500 2492912
598 743736500 2490940
599 743736500 2488965
600 743736500 2486987
601 743736500 2485007
602 743736500 2483024
603 743736500 2481038
604 743736500 2479049
605 743736500 2477058
606 743736500 2475064
607 743736500 2473067
608 743736500 2471067
609 743736500 2469065
610 743736500 2467060
611 743736500 2465052
612 743736500 2463042
613 743736500 2461028
614 743736500 2459012
615 743736500 2456994
616 743736500 2454972
617 743736500 2452948
618 743736500 2450921
619 743736500 2448892
620 793598000 2446860
621 793598000 2444825
622 793598000 2442787
623 793598000 2440747
624 793598000 2438704
625 793598000 2436658
626 793598000 2434609
627 823605500 2432558
628 823605500 2430504
629 823605500 2428448
630 823605500 2426389
631 823605500 2424327
632 823605500 2422262
633 823605500 2420195
634 823605500 2418125
635 823605500 2416053
636 823605500 2413978
637 823605500 2411900
638 823605500 2409819
639 823605500 2407736
640 823605500 2405650
641 823605500 2403562
642 823605500 2401471
643 823605500 2399377
644 823605500 2397281
645 823605500 2395182
646 823605500 2393080
647 823605500 2390976
648 823605500 2388869
649 823605500 2386760
650 823605500 2384647
651 823605500 2382533
652 823605500 2380415
653 823605500 2378295
654 823605500 2376173
655 823605500 2374048
656 823605500 2371920
657 823605500 2369789
658 823605500 2367656
659 823605500 2365521
660 823605500 2363383
661 823605500 2361242
662 823605500 2359099
663 823605500 2356953
664 823605500 2354804
665 823605500 2352653
666 823605500 2350499
667 823605500 2348343
668 823605500 2346184
669 823605500 2344023
670 823605500 2341859
671 823605500 2339693
672 823605500 2337524
673 823605500 2335352
674 823605500 2333178
675 823605500 2331001
676 823605500 2328822
677 823605500 2326640
678 856800500 2324456
679 856800500 2322269
680 856800500 2320080
681 856800500 2317888
682 856800500 2315694
683 856800500 2313497
684 856800500 2311297
685 856800500 2309095
686 856800500 2306891
687 856800500 2304684
688 856800500 2302474
689 856800500 2300262
690 856800500 2298048
691 856800500 2295831
692 856800500 2293612
693 856800500 2291390
694 856800500 2289165
695 856800500 2286938
696 856800500 2284709
697 856800500 2282477
698 856800500 2280243
699 856800500 2278006
700 856800500 2275767
701 856800500 2273525
702 856800500 2271281
703 856800500 2269034
704 856800500 2266785
705 856800500 2264533
706 856800500 2262279
707 856800500 2260023
708 856800500 2257764
709 856800500 2255503
710 856800500 2253239
711 856800500 2250973
712 856800500 2248704
713 856800500 2246433
714 856800500 2244160
715 856800500 2241884
716 856800500 2239606
717 856800500 2237325
718 856800500 2235042
719 856800500 2232756
720 856800500 2230468
721 856800500 2228178
722 889995500 2225885
723 889995500 2223590
724 889995500 2221293
725 889995500 2218993
726 889995500 2216691
727 889995500 2214386
728 889995500 2212079
729 889995500 2209770
730 889995500 2207458
731 889995500 2205144
732 889995500 2202828
733 889995500 2200509
734 889995500 2198188
735 889995500 2195864
736 889995500 2193538
737 889995500 2191210
738 889995500 2188880
739 889995500 2186547
740 889995500 2184212
741 889995500 2181874
742 889995500 2179534
743 889995500 2177192
744 889995500 2174848
745 889995500 2172501
746 889995500 2170152
747 889995500 2167800
748 889995500 2165447
749 889995500 2163091
750 889995500 2160732
751 889995500 2158372
752 889995500 2156009
753 889995500 2153644
754 889995500 2151276
755 889995500 2148906
756 889995500 2146534
757 889995500 2144160
758 889995500 2141783
759 889995500 2139405
760 889995500 2137024
761 889995500 2134640
762 889995500 2132255
763 889995500 2129867
764 889995500 2127477
765 889995500 2125084
766 889995500 2122690
767 889995500 2120293
768 889995500 2117894
769 889995500 2115493
770 889995500 2113089
771 986126500 2110683
772 986126500 2108276
773 986126500 2105865
774 986126500 2103453
775 986126500 2101039
776 986126500 2098622
777 986126500 2096203
778 986126500 2093782
779 986126500 2091358
780 986126500 2088933
781 986126500 2086505
782 986126500 2084075
783 986126500 2081643
784 986126500 2079209
785 986126500 2076773
786 986126500 2074334
787 986126500 2071893
788 986126500 2069450
789 986126500 2067005
790 986126500 2064558
791 986126500 2062109
792 986126500 2059657
793 986126500 2057204
794 986126500 2054748
795 986126500 2052290
796 986126500 2049830
797 986126500 2047368
798 986126500 2044904
799 986126500 2042437
800 986126500 2039969
801 986126500 2037498
802 986126500 2035026
803 986126500 2032551
804 986126500 2030074
805 986126500 2027595
806 986126500 2025114
807 986126500 2022631
808 986126500 2020146
809 986126500 2017659
810 986126500 2015169
811 986126500 2012678
812 986126500 2010185
813 986126500 2007689
814 986126500 2005191
815 986126500 2002692
816 986126500 2000190
817 986126500 1997686
818 986126500 1995181
819 986126500 1992673
820 986126500 1990163
821 986126500 1987651
822 986126500 1985137
823 986126500 1982622
824 986126500 1980104
825 986126500 1977584
826 986126500 1975062
827 1052425000 1972538
828 1052425000 1970012
829 1052425000 1967484
830 1052425000 1964954
831 1052425000 1962422
832 1052425000 1959889
833 1052425000 1957353
834 1052425000 1954815
835 1052425000 1952275
836 1052425000 1949734
837 1052425000 1947190
838 1052425000 1944644
839 1052425000 1942097
840 1052425000 1939547
841 1052425000 1936996
842 1052425000 1934442
843 1052425000 1931887
844 1052425000 1929330
845 1052425000 1926771
846 1052425000 1924210
847 1052425000 1921647
848 1052425000 1919082
849 1052425000 1916515
850 1052425000 1913946
851 1052425000 1911375
852 1096623500 1908803
853 1096623500 1906228
854 1096623500 1903652
855 1096623500 1901074
856 1096623500 1898494
857 1096623500 1895912
858 1096623500 1893328
859 1096623500 1890743
860 1096623500 1888155
861 1096623500 1885566
862 1096623500 1882975
863 1096623500 1880382
864 1096623500 1877787
865 1096623500 1875190
866 1096623500 1872591
867 1096623500 1869991
868 1096623500 1867389
869 1096623500 1864785
870 1096623500 1862179
871 1096623500 1859571
872 1096623500 1856962
873 1096623500 1854351
874 1096623500 1851738
875 1096623500 1849123
876 1096623500 1846506
877 1096623500 1843888
878 1096623500 1841268
879 1096623500 1838646
880 1096623500 1836022
881 1096623500 1833397
882 1096623500 1830769
883 1096623500 1828141
884 1096623500 1825510
885 1096623500 1822877
886 1096623500 1820243
887 1096623500 1817607
888 1096623500 1814970
889 1096623500 1812330
890 1096623500 1809689
891 1096623500 1807047
892 1096623500 1804402
893 1096623500 1801756
894 1096623500 1799108
895 1096623500 1796458
896 1096623500 1793807
897 1096623500 1791154
898 1096623500 1788500
899 1185021500 1785843
900 1185021500 1783185
901 1185021500 1780526
902 1185021500 1777865
903 1185021500 1775202
904 1185021500 1772537
905 1185021500 1769871
906 1185021500 1767203
907 1185021500 1764534
908 1185021500 1761862
909 1185021500 1759190
910 1185021500 1756515
911 1185021500 1753839
912 1185021500 1751162
913 1185021500 1748483
914 1185021500 1745802
915 1185021500 1743120
916 1185021500 1740436
917 1185021500 1737750
918 1185021500 1735063
919 1185021500 1732375
920 1185021500 1729684
921 1185021500 1726993
922 1185021500 1724299
923 1185021500 1721604
924 1185021500 1718908
925 1185021500 1716210
926 1185021500 1713511
927 1185021500 1710810
928 1185021500 1708107
929 1185021500 1705403
930 1185021500 1702698
931 1185021500 1699990
932 1185021500 1697282
933 1185021500 1694572
934 1185021500 1691860
935 1185021500 1689147
936 1185021500 1686433
937 1185021500 1683717
938 1185021500 1681000
939 1185021500 1678281
940 1185021500 1675560
941 1185021500 1672839
942 1185021500 1670115
943 1185021500 1667391
944 1185021500 1664665
945 1185021500 1661937
946 1185021500 1659208
947 1185021500 1656478
948 1185021500 1653746
949 1229220500 1651013
950 1229220500 1648279
951 1229220500 1645543
952 1229220500 1642805
953 1229220500 1640067
954 1229220500 1637327
955 1229220500 1634585
956 1229220500 1631842
957 1229220500 1629098
958 1229220500 1626353
959 1229220500 1623606
960 1229220500 1620858
961 1229220500 1618108
962 1229220500 1615358
963 1229220500 1612606
964 1229220500 1609852
965 1229220500 1607097
966 1229220500 1604341
967 1229220500 1601584
968 1262369500 1598825
969 1262369500 1596066
970 1262369500 1593304
971 1262369500 1590542
972 1317618000 1587778
973 1317618000 1585013
974 1317618000 1582247
975 1317618000 1579480
976 1317618000 1576711
977 1317618000 1573941
978 1317618000 1571170
979 1317618000 1568398
980 1317618000 1565624
981 1317618000 1562850
982 1317618000 1560074
983 1317618000 1557297
984 1317618000 1554518
985 1317618000 1551739
986 1317618000 1548958
987 1317618000 1546177
988 1317618000 1543394
989 1317618000 1540609
990 1317618000 1537824
991 1317618000 1535038
992 1317618000 1532250
993 1317618000 1529462
994 1317618000 1526672
995 1317618000 1523881
996 1317618000 1521089
997 1317618000 1518296
998 1317618000 1515502
999 1317618000 1512707
1000 1317618000 1509911
1001 1317618000 1507114
1002 1317618000 1504315
1003 1317618000 1501516
1004 1317618000 1498715
1005 1317618000 1495914
1006 1318600500 1493111
1007 1318600500 1490308
1008 1318600500 1487503
1009 1318600500 1484698
1010 1318600500 1481891
1011 1318600500 1479084
1012 1318600500 1476275
1013 1318600500 1473466
1014 1318600500 1470655
1015 1318600500 1467844
1016 1318600500 1465031
1017 1318600500 1462218
1018 1318600500 1459404
1019 1318600500 1456589
1020 1318600500 1453773
1021 1318600500 1450956
1022 1318600500 1448138
1023 1318600500 1445319
1024 1372867000 1442499
1025 1372867000 1439679
1026 1372867000 1436857
1027 1372867000 1434035
1028 1372867000 1431212
1029 1372867000 1428388
1030 1372867000 1425563
1031 1372867000 1422737
1032 1372867000 1419911
1033 1372867000 1417084
1034 1372867000 1414256
1035 1372867000 1411427
1036 1372867000 1408597
1037 1372867000 1405767
1038 1372867000 1402935
1039 1372867000 1400103
1040 1372867000 1397271
1041 1372867000 1394437
1042 1372867000 1391603
1043 1372867000 1388768
1044 1372867000 1385932
1045 1372867000 1383096
1046 1372867000 1380259
1047 1372867000 1377421
1048 1372867000 1374582
1049 1428115500 1371743
1050 1428115500 1368904
1051 1428115500 1366063
1052 1428115500 1363222
1053 1428115500 1360380
1054 1428115500 1357538
1055 1428115500 1354695
1056 1428115500 1351851
1057 1428115500 1349007
1058 1428115500 1346162
1059 1428115500 1343317
1060 1428115500 1340471
1061 1428115500 1337625
1062 1428115500 1334778
1063 1428115500 1331930
1064 1428115500 1329082
1065 1428115500 1326233
1066 1428115500 1323384
1067 1428115500 1320534
1068 1428115500 1317684
1069 1428115500 1314834
1070 1428115500 1311983
1071 1428115500 1309131
1072 1428115500 1306279
1073 1428115500 1303427
1074 1428115500 1300574
1075 1428115500 1297721
1076 1483364000 1294867
1077 1483364000 1292013
1078 1483364000 1289159
1079 1483364000 1286304
1080 1483364000 1283449
1081 1483364000 1280593
1082 1483364000 1277737
1083 1483364000 1274881
1084 1483364000 1272024
1085 1483364000 1269168
1086 1483364000 1266310
1087 1483364000 1263453
1088 1483364000 1260595
1089 1483364000 1257737
1090 1483364000 1254879
1091 1483364000 1252021
1092 1483364000 1249162
1093 1483364000 1246303
1094 1483364000 1243444
1095 1483364000 1240585
1096 1483364000 1237726
1097 1483364000 1234866
1098 1483364000 1232006
1099 1538612500 1229146
1100 1538612500 1226286
1101 1538612500 1223426
1102 1538612500 1220566
1103 1538612500 1217706
1104 1538612500 1214845
1105 1538612500 1211985
1106 1538612500 1209124
1107 1538612500 1206264
1108 1538612500 1203403
1109 1538612500 1200542
1110 1538612500 1197682
1111 1538612500 1194821
1112 1538612500 1191961
1113 1538612500 1189100
1114 1538612500 1186240
1115 1538612500 1183379
1116 1538612500 1180519
1117 1582811500 1177659
1118 1582811500 1174799
1119 1582811500 1171939
1120 1644751000 1169079
1121 1644751000 1166219
1122 1644751000 1163360
1123 1644751000 1160500
1124 1644751000 1157641
1125 1644751000 1154782
1126 1644751000 1151924
1127 1644751000 1149065
1128 1644751000 1146207
1129 1644751000 1143349
1130 1644751000 1140492
1131 1644751000 1137634
1132 1644751000 1134777
1133 1644751000 1131921
1134 1644751000 1129065
1135 1644751000 1126209
1136 1644751000 1123353
1137 1644751000 1120498
1138 1644751000 1117643
1139 1644751000 1114789
1140 1644751000 1111935
1141 1644751000 1109082
1142 1644751000 1106229
1143 1644751000 1103377
1144 1650092000 1100525
1145 1650092000 1097674
1146 1650092000 1094823
1147 1650092000 1091973
1148 1650092000 1089123
1149 1650092000 1086274
1150 1755096000 1083426
1151 1755096000 1080578
1152 1755096000 1077731
1153 1755096000 1074885
1154 1755096000 1072039
1155 1755096000 1069195
1156 1755096000 1066350
1157 1755096000 1063507
1158 1755096000 1060664
1159 1755096000 1057823
1160 1755096000 1054982
1161 1755096000 1052141
1162 1755096000 1049302
1163 1755096000 1046464
1164 1755096000 1043626
1165 1755096000 1040790
1166 1755096000 1037954
1167 1755096000 1035119
1168 1810268000 1032286
1169 1810268000 1029453
1170 1810268000 1026621
1171 1810268000 1023791
1172 1810268000 1020961
1173 1810268000 1018133
1174 1810268000 1015305
1175 1810268000 1012479
1176 1810268000 1009654
1177 1810268000 1006830
1178 1810268000 1004008
1179 1810268000 1001186
1180 1810268000 998366
1181 1810268000 995547
1182 1810268000 992730
1183 1810268000 989914
1184 1810268000 987099
1185 1810268000 984285
1186 1810268000 981473
1187 1810268000 978663
1188 1810268000 975853
1189 1810268000 973046
1190 1810268000 970240
1191 1851647500 967435
1192 1851647500 964632
1193 1851647500 961830
1194 1851647500 959030
1195 1851647500 956232
1196 1851647500 953435
1197 1851647500 950641
1198 1851647500 947847
1199 1851647500 945056
1200 1851647500 942266
1201 1851647500 939478
1202 1851647500 936692
1203 1920613000 933908
1204 1920613000 931126
1205 1920613000 928346
1206 1920613000 925567
1207 1920613000 922791
1208 1920613000 920017
1209 1920613000 917245
1210 1920613000 914474
1211 1920613000 911706
1212 1920613000 908940
1213 1920613000 906177
1214 1920613000 903415
1215 1920613000 900656
1216 1920613000 897899
1217 1920613000 895144
1218 1920613000 892392
1219 1920613000 889642
1220 1920613000 886894
1221 1920613000 884149
1222 1920613000 881407
1223 1920613000 878667
1224 1920613000 875929
1225 1920613000 873194
1226 1975785500 870462
1227 1975785500 867733
1228 1975785500 865006
1229 1975785500 862282
1230 1975785500 859561
1231 1975785500 856842
1232 1975785500 854127
1233 1975785500 851414
1234 1975785500 848704
1235 1975785500 845997
1236 1975785500 843294
1237 1975785500 840593
1238 2103214000 837896
1239 2103214000 835201
1240 2103214000 832510
1241 2103214000 829822
1242 2103214000 827138
1243 2103214000 824457
1244 2103214000 821779
1245 2103214000 819104
1246 2103214000 816434
1247 2103214000 813766
1248 2103214000 811102
1249 2103214000 808442
1250 2103214000 805786
1251 2103214000 803133
1252 2103214000 800484
1253 2103214000 797839
1254 2103214000 795197
1255 2103214000 792560
1256 2103214000 789926
1257 2103214000 787297
1258 2103214000 784672
1259 2103214000 782050
1260 2103214000 779433
1261 2103214000 776820
1262 2103214000 774212
1263 2103214000 771608
1264 2103214000 769008
1265 2103214000 766413
1266 2103214000 763822
1267 2169329500 761236
1268 2169329500 758654
1269 2169329500 756077
1270 2169329500 753505
1271 2169329500 750938
1272 2169329500 748375
1273 2169329500 745818
1274 2169329500 743266
1275 2169329500 740718
1276 2169329500 738176
1277 2169329500 735639
1278 2169329500 733107
1279 2169329500 730581
1280 2169329500 728060
1281 2169329500 725544
1282 2169329500 723034
1283 2169329500 720529
1284 2169329500 718031
1285 2169329500 715538
1286 2169329500 713051
1287 2169329500 710569
1288 2169329500 708094
1289 2301561000 705625
1290 2301561000 703161
1291 2301561000 700704
1292 2301561000 698254
1293 2301561000 695809
1294 2301561000 693371
1295 2301561000 690940
1296 2301561000 688515
1297 2301561000 686097
1298 2301561000 683685
1299 2301561000 681281
1300 2301561000 678883
1301 2301561000 676492
1302 2367677000 674109
1303 2367677000 671732
1304 2367677000 669363
1305 2367677000 667001
1306 2367677000 664647
1307 2367677000 662300
1308 2367677000 659961
1309 2367677000 657630
1310 2367677000 655306
1311 2367677000 652990
1312 2367677000 650682
1313 2367677000 648382
1314 2367677000 646091
1315 2367677000 643808
1316 2367677000 641533
1317 2367677000 639267
1318 2367677000 637009
1319 2367677000 634760
1320 2367677000 632519
1321 2367677000 630288
1322 2367677000 628066
1323 2367677000 625852
1324 2466850500 623648
1325 2466850500 621454
1326 2466850500 619268
1327 2466850500 617093
1328 2466850500 614927
1329 2466850500 612770
1330 2466850500 610624
1331 2466850500 608487
1332 2466850500 606361
1333 2466850500 604245
1334 2466850500 602139
1335 2466850500 600044
1336 2466850500 597959
1337 2466850500 595885
1338 2532845000 593822
1339 2532845000 591770
1340 2532845000 589729
1341 2532845000 587699
1342 2532845000 585681
1343 2532845000 583673
1344 2532845000 581678
1345 2532845000 579694
1346 2532845000 577722
1347 2620757000 575762
1348 2620757000 573814
1349 2620757000 571879
1350 2620757000 569955
1351 2620757000 568045
1352 2620757000 566147
1353 2620757000 564261
1354 2620757000 562389
1355 2620757000 560530
1356 2620757000 558683
1357 2620757000 556851
1358 2620757000 555031
1359 2620757000 553225
1360 2620757000 551434
1361 2620757000 549655
1362 2620757000 547891
1363 2620757000 546142
1364 2620757000 544406
1365 2620757000 542685
1366 2620757000 540979
1367 2620757000 539287
1368 2620757000 537611
1369 2620757000 535949
1370 2620757000 534303
1371 2620757000 532672
1372 2620757000 531056
1373 2620757000 529456
1374 2620757000 527872
1375 2620757000 526304
1376 2620757000 524752
1377 2620757000 523217
1378 2708669000 521697
1379 2708669000 520195
1380 2708669000 518709
1381 2708669000 517240
1382 2708669000 515788
1383 2708669000 514353
1384 2708669000 512935
1385 2708669000 511535
1386 2708669000 510153
1387 2708669000 508788
1388 2708669000 507441
1389 2708669000 506113
1390 2708669000 504802
1391 2708669000 503510
1392 2708669000 502237
1393 2708669000 500982
1394 2708669000 499746
1395 2708669000 498529
1396 2708669000 497331
1397 2708669000 496152
1398 2708669000 494993
1399 2708669000 493853
1400 2796581000 492733
1401 2796581000 491632
1402 2796581000 490552
1403 2796581000 489492
1404 2796581000 488452
1405 2796581000 487432
1406 2796581000 486433
1407 2796581000 485454
1408 2796581000 484496
1409 2796581000 483560
1410 2796581000 482644
1411 2796581000 481749
1412 2796581000 480875
1413 2796581000 480023
1414 2884493500 479193
1415 2884493500 478384
1416 2884493500 477596
1417 2884493500 476831
1418 2884493500 476087
1419 2884493500 475366
1420 2884493500 474667
1421 2884493500 473989
1422 2884493500 473335
1423 2884493500 472702
1424 2884493500 472093
1425 2884493500 471506
1426 2884493500 470941
1427 2884493500 470400
1428 2884493500 469881
1429 2884493500 469385
1430 2884493500 468913
1431 2884493500 468463
1432 2884493500 468037
1433 2884493500 467634
1434 2884493500 467254
1435 2884493500 466898
1436 2884493500 466565
1437 2884493500 466255
1438 2884493500 465969
1439 2884493500 465707
1440 2884493500 465468
1441 2884493500 465252
1442 2884493500 465061
1443 2884493500 464893
1444 2884493500 464749
1445 2884493500 464629
1446 2884493500 464532
1447 2884493500 464460
1448 2884493500 464411
1449 2884493500 464385
1450 2884493500 464384
1451 2884493500 464407
1452 2884493500 464453
1453 2884493500 464523
1454 2884493500 464617
1455 2884493500 464735
1456 2884493500 464876
1457 2884493500 465042
1458 2884493500 465230
1459 2884493500 465443
1460 2884493500 465679
1461 2884493500 465939
1462 2884493500 466223
1463 2884493500 466530
1464 2884493500 466860
1465 2884493500 467214
1466 2884493500 467591
1467 2884493500 467992
1468 2884493500 468416
1469 2884493500 468863
1470 2884493500 469333
1471 2884493500 469826
1472 2884493500 470342
1473 2884493500 470881
1474 2884493500 471443
1475 2884493500 472028
1476 2884493500 472635
1477 2884493500 473265
1478 2884493500 473917
1479 2884493500 474592
1480 2884493500 475289
1481 2884493500 476008
1482 2884493500 476749
1483 2884493500 477512
1484 2884493500 478297
1485 2884493500 479103
1486 2796581000 479932
1487 2796581000 480781
1488 2796581000 481653
1489 2796581000 482545
1490 2796581000 483459
1491 2796581000 484393
1492 2796581000 485349
1493 2796581000 486325
1494 2796581000 487322
1495 2796581000 488339
1496 2796581000 489377
1497 2796581000 490435
1498 2796581000 491514
1499 2796581000 492612
1500 2708669000 493730
1501 2708669000 494867
1502 2708669000 496025
1503 2708669000 497201
1504 2708669000 498397
1505 2708669000 499612
1506 2708669000 500846
1507 2708669000 502099
1508 2708669000 503370
1509 2708669000 504660
1510 2708669000 505969
1511 2708669000 507296
1512 2708669000 508640
1513 2708669000 510003
1514 2708669000 511384
1515 2708669000 512782
1516 2708669000 514197
1517 2708669000 515630
1518 2708669000 517081
1519 2708669000 518548
1520 2708669000 520032
1521 2708669000 521533
1522 2620757000 523050
1523 2620757000 524584
1524 2620757000 526134
1525 2620757000 527700
1526 2620757000 529283
1527 2620757000 530881
1528 2620757000 532495
1529 2620757000 534124
1530 2620757000 535769
1531 2620757000 537429
1532 2620757000 539104
1533 2620757000 540794
1534 2620757000 542498
1535 2620757000 544218
1536 2620757000 545952
1537 2620757000 547700
1538 2620757000 549462
1539 2620757000 551239
1540 2620757000 553029
1541 2620757000 554834
1542 2620757000 556652
1543 2620757000 558483
1544 2620757000 560328
1545 2620757000 562186
1546 2620757000 564057
1547 2620757000 565940
1548 2620757000 567837
1549 2620757000 569747
1550 2620757000 571668
1551 2620757000 573603
1552 2620757000 575549
1553 2532845000 577508
1554 2532845000 579479
1555 2532845000 581461
1556 2532845000 583455
1557 2532845000 585461
1558 2532845000 587479
1559 2532845000 589507
1560 2532845000 591547
1561 2532845000 593598
1562 2466850500 595660
1563 2466850500 597733
1564 2466850500 599816
1565 2466850500 601910
1566 2466850500 604015
1567 2466850500 606130
1568 2466850500 608255
1569 2466850500 610390
1570 2466850500 612536
1571 2466850500 614691
1572 2466850500 616856
1573 2466850500 619031
1574 2466850500 621215
1575 2466850500 623409
1576 2367677000 625612
1577 2367677000 627824
1578 2367677000 630045
1579 2367677000 632276
1580 2367677000 634515
1581 2367677000 636763
1582 2367677000 639020
1583 2367677000 641285
1584 2367677000 643559
1585 2367677000 645842
1586 2367677000 648132
1587 2367677000 650431
1588 2367677000 652738
1589 2367677000 655053
1590 2367677000 657376
1591 2367677000 659706
1592 2367677000 662045
1593 2367677000 664391
1594 2367677000 666744
1595 2367677000 669105
1596 2367677000 671474
1597 2367677000 673849
1598 2301561000 676232
1599 2301561000 678622
1600 2301561000 681019
1601 2301561000 683423
1602 2301561000 685834
1603 2301561000 688251
1604 2301561000 690675
1605 2301561000 693106
1606 2301561000 695543
1607 2301561000 697987
1608 2301561000 700437
1609 2301561000 702893
1610 2301561000 705356
1611 2169329500 707824
1612 2169329500 710299
1613 2169329500 712780
1614 2169329500 715266
1615 2169329500 717759
1616 2169329500 720257
1617 2169329500 722761
1618 2169329500 725270
1619 2169329500 727785
1620 2169329500 730306
1621 2169329500 732831
1622 2169329500 735363
1623 2169329500 737899
1624 2169329500 740441
1625 2169329500 742988
1626 2169329500 745540
1627 2169329500 748096
1628 2169329500 750658
1629 2169329500 753225
1630 2169329500 755797
1631 2169329500 758373
1632 2169329500 760954
1633 2103214000 763540
1634 2103214000 766130
1635 2103214000 768725
1636 2103214000 771324
1637 2103214000 773928
1638 2103214000 776536
1639 2103214000 779148
1640 2103214000 781765
1641 2103214000 784386
1642 2103214000 787011
1643 2103214000 789640
1644 2103214000 792273
1645 2103214000 794910
1646 2103214000 797550
1647 2103214000 800195
1648 2103214000 802844
1649 2103214000 805496
1650 2103214000 808152
1651 2103214000 810812
1652 2103214000 813476
1653 2103214000 816143
1654 2103214000 818813
1655 2103214000 821487
1656 2103214000 824165
1657 2103214000 826845
1658 2103214000 829530
1659 2103214000 832217
1660 2103214000 834908
1661 2103214000 837602
1662 1975785500 840299
1663 1975785500 842999
1664 1975785500 845703
1665 1975785500 848409
1666 1975785500 851118
1667 1975785500 853831
1668 1975785500 856546
1669 1975785500 859264
1670 1975785500 861985
1671 1975785500 864709
1672 1975785500 867435
1673 1975785500 870165
1674 1920613000 872896
1675 1920613000 875631
1676 1920613000 878368
1677 1920613000 881108
1678 1920613000 883850
1679 1920613000 886595
1680 1920613000 889342
1681 1920613000 892092
1682 1920613000 894844
1683 1920613000 897598
1684 1920613000 900355
1685 1920613000 903114
1686 1920613000 905875
1687 1920613000 908639
1688 1920613000 911405
1689 1920613000 914172
1690 1920613000 916942
1691 1920613000 919714
1692 1920613000 922489
1693 1920613000 925265
1694 1920613000 928043
1695 1920613000 930823
1696 1920613000 933605
1697 1851647500 936389
1698 1851647500 939175
1699 1851647500 941962
1700 1851647500 944752
1701 1851647500 947543
1702 1851647500 950336
1703 1851647500 953131
1704 1851647500 955927
1705 1851647500 958725
1706 1851647500 961525
1707 1851647500 964326
1708 1851647500 967129
1709 1810268000 969934
1710 1810268000 972740
1711 1810268000 975547
1712 1810268000 978356
1713 1810268000 981167
1714 1810268000 983979
1715 1810268000 986792
1716 1810268000 989607
1717 1810268000 992423
1718 1810268000 995240
1719 1810268000 998059
1720 1810268000 1000879
1721 1810268000 1003700
1722 1810268000 1006523
1723 1810268000 1009346
1724 1810268000 1012171
1725 1810268000 1014997
1726 1810268000 1017825
1727 1810268000 1020653
1728 1810268000 1023482
1729 1810268000 1026313
1730 1810268000 1029144
1731 1810268000 1031977
1732 1755096000 1034810
1733 1755096000 1037645
1734 1755096000 1040481
1735 1755096000 1043317
1736 1755096000 1046154
1737 1755096000 1048993
1738 1755096000 1051832
1739 1755096000 1054672
1740 1755096000 1057513
1741 1755096000 1060355
1742 1755096000 1063197
1743 1755096000 1066040
1744 1755096000 1068884
1745 1755096000 1071729
1746 1755096000 1074575
1747 1755096000 1077421
1748 1755096000 1080268
1749 1755096000 1083116
1750 1650092000 1085964
1751 1650092000 1088813
1752 1650092000 1091662
1753 1650092000 1094512
1754 1650092000 1097363
1755 1650092000 1100214
1756 1644751000 1103066
1757 1644751000 1105918
1758 1644751000 1108771
1759 1644751000 1111624
1760 1644751000 1114478
1761 1644751000 1117332
1762 1644751000 1120187
1763 1644751000 1123042
1764 1644751000 1125897
1765 1644751000 1128753
1766 1644751000 1131609
1767 1644751000 1134466
1768 1644751000 1137323
1769 1644751000 1140180
1770 1644751000 1143038
1771 1644751000 1145896
1772 1644751000 1148754
1773 1644751000 1151612
1774 1644751000 1154471
1775 1644751000 1157330
1776 1644751000 1160189
1777 1644751000 1163048
1778 1644751000 1165908
1779 1644751000 1168767
1780 1582811500 1171627
1781 1582811500 1174487
1782 1582811500 1177347
1783 1538612500 1180207
1784 1538612500 1183068
1785 1538612500 1185928
1786 1538612500 1188788
1787 1538612500 1191649
1788 1538612500 1194509
1789 1538612500 1197370
1790 1538612500 1200231
1791 1538612500 1203091
1792 1538612500 1205952
1793 1538612500 1208812
1794 1538612500 1211673
1795 1538612500 1214533
1796 1538612500 1217394
1797 1538612500 1220254
1798 1538612500 1223114
1799 1538612500 1225974
1800 1538612500 1228835
1801 1483364000 1231694
1802 1483364000 1234554
1803 1483364000 1237414
1804 1483364000 1240273
1805 1483364000 1243133
1806 1483364000 1245992
1807 1483364000 1248851
1808 1483364000 1251709
1809 1483364000 1254568
1810 1483364000 1257426
1811 1483364000 1260284
1812 1483364000 1263142
1813 1483364000 1265999
1814 1483364000 1268856
1815 1483364000 1271713
1816 1483364000 1274570
1817 1483364000 1277426
1818 1483364000 1280282
1819 1483364000 1283137
1820 1483364000 1285992
1821 1483364000 1288847
1822 1483364000 1291702
1823 1483364000 1294556
1824 1428115500 1297410
1825 1428115500 1300263
1826 1428115500 1303116
1827 1428115500 1305968
1828 1428115500 1308820
1829 1428115500 1311672
1830 1428115500 1314523
1831 1428115500 1317374
1832 1428115500 1320224
1833 1428115500 1323073
1834 1428115500 1325923
1835 1428115500 1328771
1836 1428115500 1331620
1837 1428115500 1334467
1838 1428115500 1337314
1839 1428115500 1340161
1840 1428115500 1343007
1841 1428115500 1345852
1842 1428115500 1348697
1843 1428115500 1351541
1844 1428115500 1354385
1845 1428115500 1357228
1846 1428115500 1360070
1847 1428115500 1362912
1848 1428115500 1365753
1849 1428115500 1368594
1850 1428115500 1371434
1851 1372867000 1374273
1852 1372867000 1377111
1853 1372867000 1379949
1854 1372867000 1382787
1855 1372867000 1385623
1856 1372867000 1388459
1857 1372867000 1391294
1858 1372867000 1394128
1859 1372867000 1396962
1860 1372867000 1399794
1861 1372867000 1402627
1862 1372867000 1405458
1863 1372867000 1408288
1864 1372867000 1411118
1865 1372867000 1413947
1866 1372867000 1416775
1867 1372867000 1419603
1868 1372867000 1422429
1869 1372867000 1425255
1870 1372867000 1428080
1871 1372867000 1430904
1872 1372867000 1433727
1873 1372867000 1436550
1874 1372867000 1439371
1875 1372867000 1442192
1876 1318600500 1445012
1877 1318600500 1447831
1878 1318600500 1450649
1879 1318600500 1453466
1880 1318600500 1456282
1881 1318600500 1459097
1882 1318600500 1461911
1883 1318600500 1464725
1884 1318600500 1467537
1885 1318600500 1470349
1886 1318600500 1473159
1887 1318600500 1475969
1888 1318600500 1478778
1889 1318600500 1481585
1890 1318600500 1484392
1891 1318600500 1487197
1892 1318600500 1490002
1893 1318600500 1492806
1894 1317618000 1495608
1895 1317618000 1498410
1896 1317618000 1501211
1897 1317618000 1504010
1898 1317618000 1506809
1899 1317618000 1509606
1900 1317618000 1512402
1901 1317618000 1515198
1902 1317618000 1517992
1903 1317618000 1520785
1904 1317618000 1523577
1905 1317618000 1526368
1906 1317618000 1529158
1907 1317618000 1531946
1908 1317618000 1534734
1909 1317618000 1537521
1910 1317618000 1540306
1911 1317618000 1543090
1912 1317618000 1545873
1913 1317618000 1548655
1914 1317618000 1551436
1915 1317618000 1554215
1916 1317618000 1556994
1917 1317618000 1559771
1918 1317618000 1562547
1919 1317618000 1565322
1920 1317618000 1568096
1921 1317618000 1570868
1922 1317618000 1573639
1923 1317618000 1576409
1924 1317618000 1579178
1925 1317618000 1581946
1926 1317618000 1584712
1927 1317618000 1587477
1928 1262369500 1590241
1929 1262369500 1593003
1930 1262369500 1595765
1931 1262369500 1598525
1932 1229220500 1601283
1933 1229220500 1604041
1934 1229220500 1606797
1935 1229220500 1609552
1936 1229220500 1612305
1937 1229220500 1615058
1938 1229220500 1617809
1939 1229220500 1620558
1940 1229220500 1623307
1941 1229220500 1626054
1942 1229220500 1628799
1943 1229220500 1631543
1944 1229220500 1634286
1945 1229220500 1637028
1946 1229220500 1639768
1947 1229220500 1642507
1948 1229220500 1645244
1949 1229220500 1647980
1950 1229220500 1650715
1951 1185021500 1653448
1952 1185021500 1656180
1953 1185021500 1658911
1954 1185021500 1661640
1955 1185021500 1664367
1956 1185021500 1667094
1957 1185021500 1669818
1958 1185021500 1672542
1959 1185021500 1675264
1960 1185021500 1677984
1961 1185021500 1680703
1962 1185021500 1683421
1963 1185021500 1686137
1964 1185021500 1688852
1965 1185021500 1691565
1966 1185021500 1694276
1967 1185021500 1696987
1968 1185021500 1699695
1969 1185021500 1702402
1970 1185021500 1705108
1971 1185021500 1707812
1972 1185021500 1710515
1973 1185021500 1713216
1974 1185021500 1715916
1975 1185021500 1718614
1976 1185021500 1721311
1977 1185021500 1724006
1978 1185021500 1726699
1979 1185021500 1729391
1980 1185021500 1732081
1981 1185021500 1734770
1982 1185021500 1737457
1983 1185021500 1740143
1984 1185021500 1742827
1985 1185021500 1745510
1986 1185021500 1748191
1987 1185021500 1750870
1988 1185021500 1753548
1989 1185021500 1756224
1990 1185021500 1758898
1991 1185021500 1761571
1992 1185021500 1764242
1993 1185021500 1766912
1994 1185021500 1769580
1995 1185021500 1772247
1996 1185021500 1774911
1997 1185021500 1777574
1998 1185021500 1780236
1999 1185021500 1782896
2000 1185021500 1785554
2001 1185021500 1788210
2002 1096623500 1790865
2003 1096623500 1793518
2004 1096623500 1796170
2005 1096623500 1798819
2006 1096623500 1801467
2007 1096623500 1804114
2008 1096623500 1806758
2009 1096623500 1809401
2010 1096623500 1812043
2011 1096623500 1814682
2012 1096623500 1817320
2013 1096623500 1819956
2014 1096623500 1822590
2015 1096623500 1825223
2016 1096623500 1827854
2017 1096623500 1830483
2018 1096623500 1833110
2019 1096623500 1835736
2020 1096623500 1838360
2021 1096623500 1840982
2022 1096623500 1843602
2023 1096623500 1846221
2024 1096623500 1848838
2025 1096623500 1851453
2026 1096623500 1854066
2027 1096623500 1856677
2028 1096623500 1859287
2029 1096623500 1861895
2030 1096623500 1864501
2031 1096623500 1867105
2032 1096623500 1869707
2033 1096623500 1872308
2034 1096623500 1874907
2035 1096623500 1877504
2036 1096623500 1880099
2037 1096623500 1882692
2038 1096623500 1885283
2039 1096623500 1887873
2040 1096623500 1890461
2041 1096623500 1893046
2042 1096623500 1895630
2043 1096623500 1898213
2044 1096623500 1900793
2045 1096623500 1903371
2046 1096623500 1905948
2047 1096623500 1908522
2048 1052425000 1911095
2049 1052425000 1913666
2050 1052425000 1916235
2051 1052425000 1918802
2052 1052425000 1921367
2053 1052425000 1923930
2054 1052425000 1926492
2055 1052425000 1929051
2056 1052425000 1931608
2057 1052425000 1934164
2058 1052425000 1936718
2059 1052425000 1939269
2060 1052425000 1941819
2061 1052425000 1944367
2062 1052425000 1946913
2063 1052425000 1949456
2064 1052425000 1951998
2065 1052425000 1954538
2066 1052425000 1957076
2067 1052425000 1959612
2068 1052425000 1962146
2069 1052425000 1964678
2070 1052425000 1967209
2071 1052425000 1969737
2072 1052425000 1972263
2073 986126500 1974787
2074 986126500 1977309
2075 986126500 1979829
2076 986126500 1982347
2077 986126500 1984863
2078 986126500 1987377
2079 986126500 1989889
2080 986126500 1992399
2081 986126500 1994907
2082 986126500 1997413
2083 986126500 1999917
2084 986126500 2002419
2085 986126500 2004919
2086 986126500 2007417
2087 986126500 2009913
2088 986126500 2012406
2089 986126500 2014898
2090 986126500 2017387
2091 986126500 2019875
2092 986126500 2022360
2093 986126500 2024844
2094 986126500 2027325
2095 986126500 2029804
2096 986126500 2032281
2097 986126500 2034756
2098 986126500 2037229
2099 986126500 2039700
2100 986126500 2042169
2101 986126500 2044635
2102 986126500 2047100
2103 986126500 2049562
2104 986126500 2052022
2105 986126500 2054480
2106 986126500 2056936
2107 986126500 2059390
2108 986126500 2061842
2109 986126500 2064291
2110 986126500 2066739
2111 986126500 2069184
2112 986126500 2071627
2113 986126500 2074068
2114 986126500 2076507
2115 986126500 2078943
2116 986126500 2081378
2117 986126500 2083810
2118 986126500 2086240
2119 986126500 2088668
2120 986126500 2091094
2121 986126500 2093518
2122 986126500 2095939
2123 986126500 2098358
2124 986126500 2100775
2125 986126500 2103190
2126 986126500 2105603
2127 986126500 2108013
2128 986126500 2110421
2129 889995500 2112827
2130 889995500 2115231
2131 889995500 2117632
2132 889995500 2120032
2133 889995500 2122429
2134 889995500 2124823
2135 889995500 2127216
2136 889995500 2129606
2137 889995500 2131994
2138 889995500 2134380
2139 889995500 2136764
2140 889995500 2139145
2141 889995500 2141524
2142 889995500 2143901
2143 889995500 2146276
2144 889995500 2148648
2145 889995500 2151018
2146 889995500 2153386
2147 889995500 2155751
2148 889995500 2158114
2149 889995500 2160475
2150 889995500 2162834
2151 889995500 2165190
2152 889995500 2167544
2153 889995500 2169895
2154 889995500 2172245
2155 889995500 2174592
2156 889995500 2176937
2157 889995500 2179279
2158 889995500 2181619
2159 889995500 2183957
2160 889995500 2186292
2161 889995500 2188625
2162 889995500 2190956
2163 889995500 2193285
2164 889995500 2195611
2165 889995500 2197934
2166 889995500 2200256
2167 889995500 2202575
2168 889995500 2204892
2169 889995500 2207206
2170 889995500 2209518
2171 889995500 2211828
2172 889995500 2214135
2173 889995500 2216440
2174 889995500 2218742
2175 889995500 2221042
2176 889995500 2223340
2177 889995500 2225635
2178 889995500 2227928
2179 856800500 2230219
2180 856800500 2232507
2181 856800500 2234793
2182 856800500 2237076
2183 856800500 2239357
2184 856800500 2241636
2185 856800500 2243912
2186 856800500 2246186
2187 856800500 2248457
2188 856800500 2250726
2189 856800500 2252992
2190 856800500 2255256
2191 856800500 2257518
2192 856800500 2259777
2193 856800500 2262034
2194 856800500 2264288
2195 856800500 2266540
2196 856800500 2268789
2197 856800500 2271036
2198 856800500 2273280
2199 856800500 2275522
2200 856800500 2277762
2201 856800500 2279999
2202 856800500 2282234
2203 856800500 2284466
2204 856800500 2286695
2205 856800500 2288923
2206 856800500 2291147
2207 856800500 2293370
2208 856800500 2295589
2209 856800500 2297806
2210 856800500 2300021
2211 856800500 2302233
2212 856800500 2304443
2213 856800500 2306650
2214 856800500 2308855
2215 856800500 2311057
2216 856800500 2313257
2217 856800500 2315454
2218 856800500 2317649
2219 856800500 2319841
2220 856800500 2322031
2221 856800500 2324218
2222 823605500 2326402
2223 823605500 2328584
2224 823605500 2330764
2225 823605500 2332941
2226 823605500 2335115
2227 823605500 2337287
2228 823605500 2339456
2229 823605500 2341623
2230 823605500 2343787
2231 823605500 2345949
2232 823605500 2348108
2233 823605500 2350264
2234 823605500 2352418
2235 823605500 2354570
2236 823605500 2356719
2237 823605500 2358865
2238 823605500 2361008
2239 823605500 2363149
2240 823605500 2365288
2241 823605500 2367424
2242 823605500 2369557
2243 823605500 2371688
2244 823605500 2373816
2245 823605500 2375941
2246 823605500 2378064
2247 823605500 2380184
2248 823605500 2382302
2249 823605500 2384417
2250 823605500 2386529
2251 823605500 2388639
2252 823605500 2390746
2253 823605500 2392851
2254 823605500 2394953
2255 823605500 2397052
2256 823605500 2399149
2257 823605500 2401243
2258 823605500 2403334
2259 823605500 2405423
2260 823605500 2407509
2261 823605500 2409592
2262 823605500 2411673
2263 823605500 2413751
2264 823605500 2415827
2265 823605500 2417900
2266 823605500 2419970
2267 823605500 2422037
2268 823605500 2424102
2269 823605500 2426164
2270 823605500 2428224
2271 823605500 2430280
2272 823605500 2432335
2273 823605500 2434386
2274 793598000 2436435
2275 793598000 2438481
2276 793598000 2440524
2277 793598000 2442565
2278 793598000 2444603
2279 793598000 2446638
2280 743736500 2448670
2281 743736500 2450700
2282 743736500 2452727
2283 743736500 2454752
2284 743736500 2456774
2285 743736500 2458793
2286 743736500 2460809
2287 743736500 2462822
2288 743736500 2464833
2289 743736500 2466841
2290 743736500 2468847
2291 743736500 2470849
2292 743736500 2472849
2293 743736500 2474846
2294 743736500 2476841
2295 743736500 2478832
2296 743736500 2480821
2297 743736500 2482807
2298 743736500 2484791
2299 743736500 2486771
2300 743736500 2488749
2301 743736500 2490724
2302 743736500 2492697
2303 743736500 2494666
2304 743736500 2496633
2305 743736500 2498597
2306 743736500 2500559
2307 743736500 2502517
2308 743736500 2504473
2309 743736500 2506426
2310 743736500 2508376
2311 743736500 2510323
2312 743736500 2512268
2313 743736500 2514210
2314 743736500 2516149
2315 743736500 2518085
2316 743736500 2520018
2317 743736500 2521949
2318 743736500 2523877
2319 743736500 2525802
2320 743736500 2527724
2321 743736500 2529643
2322 743736500 2531560
2323 743736500 2533473
2324 743736500 2535384
2325 743736500 2537292
2326 743736500 2539198
2327 743736500 2541100
2328 743736500 2543000
2329 743736500 2544896
2330 743736500 2546790
2331 743736500 2548681
2332 743736500 2550570
2333 743736500 2552455
2334 743736500 2554337
2335 743736500 2556217
2336 743736500 2558094
2337 743736500 2559968
2338 743736500 2561839
2339 743736500 2563707
2340 743736500 2565573
2341 743736500 2567435
2342 743736500 2569295
2343 743736500 2571152
2344 743736500 2573006
2345 743736500 2574857
2346 743736500 2576705
2347 743736500 2578550
2348 743736500 2580392
2349 743736500 2582232
2350 743736500 2584069
2351 743736500 2585902
2352 743736500 2587733
2353 743736500 2589561
2354 743736500 2591386
2355 743736500 2593208
2356 743736500 2595028
2357 743736500 2596844
2358 743736500 2598657
2359 743736500 2600468
2360 743736500 2602276
2361 743736500 2604080
2362 743736500 2605882
2363 743736500 2607681
2364 743736500 2609477
2365 743736500 2611270
2366 743736500 2613060
2367 743736500 2614847
2368 743736500 2616631
2369 743736500 2618413
2370 743736500 2620191
2371 743736500 2621966
2372 743736500 2623739
2373 743736500 2625508
2374 743736500 2627275
2375 743736500 2629039
2376 743736500 2630799
2377 743736500 2632557
2378 743736500 2634312
2379 743736500 2636064
2380 743736500 2637813
2381 661126500 2639559
2382 661126500 2641302
2383 661126500 2643042
2384 661126500 2644779
2385 661126500 2646513
2386 661126500 2648244
2387 661126500 2649972
2388 661126500 2651697
2389 661126500 2653419
2390 661126500 2655138
2391 661126500 2656854
2392 661126500 2658568
2393 661126500 2660278
2394 661126500 2661985
2395 661126500 2663689
2396 661126500 2665390
2397 661126500 2667089
2398 661126500 2668784
2399 661126500 2670476
2400 661126500 2672165
2401 661126500 2673852
2402 661126500 2675535
2403 661126500 2677215
2404 661126500 2678892
2405 661126500 2680566
2406 661126500 2682237
2407 661126500 2683906
2408 661126500 2685571
2409 661126500 2687233
2410 661126500 2688892
2411 661126500 2690548
2412 661126500 2692201
2413 661126500 2693851
2414 661126500 2695498
2415 661126500 2697142
2416 661126500 2698782
2417 661126500 2700420
2418 661126500 2702055
2419 661126500 2703687
2420 661126500 2705315
2421 661126500 2706941
2422 661126500 2708563
2423 661126500 2710183
2424 661126500 2711799
2425 661126500 2713413
2426 661126500 2715023
2427 661126500 2716630
2428 661126500 2718235
2429 661126500 2719836
2430 661126500 2721434
2431 661126500 2723029
2432 661126500 2724621
2433 661126500 2726210
2434 661126500 2727795
2435 661126500 2729378
2436 661126500 2730958
2437 661126500 2732534
2438 661126500 2734108
2439 661126500 2735678
2440 661126500 2737245
2441 661126500 2738809
2442 661126500 2740370
2443 661126500 2741928
2444 661126500 2743483
2445 661126500 2745035
2446 661126500 2746584
2447 661126500 2748129
2448 661126500 2749672
2449 661126500 2751211
2450 661126500 2752747
2451 661126500 2754280
2452 661126500 2755810
2453 661126500 2757337
2454 661126500 2758861
2455 661126500 2760382
2456 661126500 2761899
2457 661126500 2763414
2458 661126500 2764925
2459 661126500 2766433
2460 661126500 2767938
2461 661126500 2769440
2462 661126500 2770939
2463 661126500 2772434
2464 661126500 2773927
2465 661126500 2775416
2466 661126500 2776903
2467 661126500 2778386
2468 661126500 2779866
2469 661126500 2781342
2470 661126500 2782816
2471 661126500 2784286
2472 661126500 2785754
2473 661126500 2787218
2474 661126500 2788679
2475 661126500 2790137
2476 661126500 2791591
2477 661126500 2793043
2478 661126500 2794491
2479 661126500 2795936
2480 661126500 2797378
2481 661126500 2798817
2482 661126500 2800253
2483 661126500 2801686
2484 661126500 2803115
2485 661126500 2804541
2486 661126500 2805964
2487 661126500 2807384
2488 661126500 2808800
2489 661126500 2810214
2490 661126500 2811624
2491 661126500 2813031
2492 661126500 2814435
2493 661126500 2815836
2494 661126500 2817233
2495 661126500 2818627
2496 661126500 2820018
2497 661126500 2821406
2498 661126500 2822791
2499 661126500 2824173
2500 661126500 2825551
2501 661126500 2826926
2502 661126500 2828298
2503 661126500 2829666
2504 661126500 2831032
2505 661126500 2832394
2506 661126500 2833753
2507 661126500 2835109
2508 661126500 2836461
2509 661126500 2837811
2510 661126500 2839157
2511 661126500 2840500
2512 661126500 2841839
2513 661126500 2843176
2514 661126500 2844509
2515 661126500 2845839
2516 661126500 2847166
2517 661126500 2848489
2518 661126500 2849810
2519 661126500 2851127
2520 661126500 2852441
2521 661126500 2853751
2522 661126500 2855058
2523 661126500 2856362
2524 661126500 2857663
2525 661126500 2858961
2526 661126500 2860255
2527 661126500 2861546
2528 661126500 2862834
2529 661126500 2864119
2530 661126500 2865400
2531 661126500 2866678
2532 661126500 2867953
2533 661126500 2869225
2534 661126500 2870493
2535 661126500 2871758
2536 661126500 2873020
2537 661126500 2874278
2538 661126500 2875533
2539 661126500 2876785
2540 661126500 2878034
2541 661126500 2879279
2542 661126500 2880521
2543 661126500 2881760
2544 661126500 2882996
2545 661126500 2884228
2546 661126500 2885457
2547 661126500 2886683
2548 661126500 2887905
2549 661126500 2889124
2550 661126500 2890340
2551 661126500 2891553
2552 661126500 2892762
2553 661126500 2893968
2554 661126500 2895171
2555 661126500 2896370
2556 661126500 2897566
2557 661126500 2898759
2558 661126500 2899949
2559 661126500 2901135
2560 661126500 2902318
2561 661126500 2903497
2562 661126500 2904674
2563 661126500 2905847
2564 661126500 2907016
2565 661126500 2908183
2566 661126500 2909346
2567 661126500 2910505
2568 661126500 2911662
2569 661126500 2912815
2570 661126500 2913965
2571 661126500 2915111
2572 661126500 2916254
2573 661126500 2917394
2574 661126500 2918531
2575 661126500 2919664
2576 661126500 2920794
2577 661126500 2921920
2578 661126500 2923043
2579 661126500 2924163
2580 661126500 2925280
2581 661126500 2926393
2582 661126500 2927503
2583 661126500 2928609
2584 661126500 2929712
2585 661126500 2930812
2586 661126500 2931909
2587 661126500 2933002
2588 661126500 2934092
2589 661126500 2935178
2590 661126500 2936261
2591 594152000 2937341
2592 594152000 2938417
2593 594152000 2939491
2594 594152000 2940560
2595 594152000 2941627
2596 594152000 2942690
2597 594152000 2943749
2598 594152000 2944806
2599 594152000 2945858
2600 594152000 2946908
2601 594152000 2947954
2602 594152000 2948997
2603 594152000 2950037
2604 594152000 2951073
2605 594152000 2952105
2606 594152000 2953135
2607 594152000 2954161
2608 594152000 2955183
2609 594152000 2956203
2610 594152000 2957219
2611 594152000 2958231
2612 594152000 2959240
2613 594152000 2960246
2614 594152000 2961248
2615 594152000 2962247
2616 594152000 2963243
2617 594152000 2964235
2618 594152000 2965224
2619 594152000 2966210
2620 594152000 2967192
2621 594152000 2968170
2622 594152000 2969146
2623 594152000 2970118
2624 594152000 2971086
2625 594152000 2972051
2626 594152000 2973013
2627 594152000 2973971
2628 594152000 2974926
2629 594152000 2975878
2630 594152000 2976826
2631 594152000 2977771
2632 594152000 2978712
2633 594152000 2979650
2634 594152000 2980585
2635 594152000 2981516
2636 594152000 2982444
2637 594152000 2983368
2638 594152000 2984289
2639 594152000 2985206
2640 594152000 2986121
2641 594152000 2987031
2642 594152000 2987939
2643 594152000 2988842
2644 594152000 2989743
2645 594152000 2990640
2646 594152000 2991534
2647 594152000 2992424
2648 594152000 2993310
2649 594152000 2994194
2650 594152000 2995074
2651 594152000 2995950
2652 594152000 2996823
2653 594152000 2997693
2654 594152000 2998559
2655 594152000 2999422
2656 594152000 3000282
2657 594152000 3001138
2658 594152000 3001990
2659 594152000 3002839
2660 594152000 3003685
2661 594152000 3004527
2662 594152000 3005366
2663 594152000 3006201
2664 594152000 3007033
2665 594152000 3007862
2666 594152000 3008687
2667 594152000 3009508
2668 594152000 3010326
2669 594152000 3011141
2670 594152000 3011952
2671 594152000 3012760
2672 594152000 3013565
2673 594152000 3014366
2674 594152000 3015163
2675 594152000 3015957
2676 594152000 3016748
2677 594152000 3017535
2678 594152000 3018319
2679 594152000 3019099
2680 594152000 3019876
2681 594152000 3020649
2682 594152000 3021419
2683 594152000 3022185
2684 594152000 3022948
2685 594152000 3023708
2686 594152000 3024464
2687 594152000 3025217
2688 594152000 3025966
2689 594152000 3026711
2690 594152000 3027454
2691 594152000 3028192
2692 594152000 3028928
2693 594152000 3029659
2694 594152000 3030388
2695 594152000 3031113
2696 594152000 3031834
2697 594152000 3032552
2698 594152000 3033266
2699 594152000 3033978
2700 594152000 3034685
2701 594152000 3035389
2702 594152000 3036090
2703 594152000 3036787
2704 594152000 3037480
2705 594152000 3038171
2706 594152000 3038857
2707 594152000 3039541
2708 594152000 3040220
2709 594152000 3040896
2710 594152000 3041569
2711 594152000 3042239
2712 594152000 3042904
2713 594152000 3043567
2714 594152000 3044226
2715 594152000 3044881
2716 594152000 3045533
2717 594152000 3046181
2718 594152000 3046826
2719 594152000 3047467
2720 594152000 3048105
2721 594152000 3048740
2722 594152000 3049371
2723 594152000 3049998
2724 594152000 3050622
2725 594152000 3051243
2726 594152000 3051860
2727 594152000 3052473
2728 594152000 3053083
2729 594152000 3053689
2730 594152000 3054292
2731 594152000 3054892
2732 594152000 3055488
2733 594152000 3056080
2734 594152000 3056669
2735 594152000 3057255
2736 594152000 3057837
2737 594152000 3058415
2738 594152000 3058990
2739 594152000 3059562
2740 594152000 3060130
2741 594152000 3060694
2742 594152000 3061255
2743 594152000 3061813
2744 594152000 3062367
2745 594152000 3062917
2746 594152000 3063464
2747 594152000 3064008
2748 594152000 3064547
2749 594152000 3065084
2750 594152000 3065617
2751 594152000 3066146
2752 594152000 3066672
2753 594152000 3067194
2754 594152000 3067713
2755 594152000 3068229
2756 594152000 3068740
2757 594152000 3069249
2758 594152000 3069754
2759 594152000 3070255
2760 594152000 3070753
2761 594152000 3071247
2762 594152000 3071738
2763 594152000 3072225
2764 594152000 3072708
2765 594152000 3073189
2766 594152000 3073665
2767 594152000 3074138
2768 594152000 3074608
2769 594152000 3075074
2770 594152000 3075537
2771 594152000 3075996
2772 594152000 3076451
2773 594152000 3076903
2774 594152000 3077351
2775 594152000 3077796
2776 594152000 3078238
2777 594152000 3078676
2778 594152000 3079110
2779 594152000 3079541
2780 594152000 3079968
2781 594152000 3080392
2782 594152000 3080812
2783 594152000 3081229
2784 594152000 3081642
2785 594152000 3082052
2786 594152000 3082458
2787 594152000 3082860
2788 594152000 3083259
2789 594152000 3083655
2790 594152000 3084047
2791 594152000 3084435
2792 594152000 3084820
2793 594152000 3085201
2794 594152000 3085579
2795 594152000 3085953
2796 594152000 3086324
2797 594152000 3086691
2798 594152000 3087055
2799 594152000 3087415
2800 594152000 3087772
2801 594152000 3088125
2802 594152000 3088474
2803 594152000 3088820
2804 594152000 3089163
2805 594152000 3089502
2806 594152000 3089837
2807 594152000 3090169
2808 594152000 3090497
2809 594152000 3090822
2810 594152000 3091143
2811 594152000 3091461
2812 594152000 3091775
2813 594152000 3092085
2814 594152000 3092392
2815 594152000 3092696
2816 594152000 3092996
2817 594152000 3093292
2818 594152000 3093585
2819 594152000 3093874
2820 594152000 3094160
2821 594152000 3094442
2822 594152000 3094721
2823 594152000 3094996
2824 594152000 3095267
2825 594152000 3095535
2826 594152000 3095800
2827 594152000 3096061
2828 594152000 3096318
2829 594152000 3096572
2830 594152000 3096822
2831 594152000 3097069
2832 594152000 3097312
2833 594152000 3097551
2834 594152000 3097787
2835 594152000 3098020
2836 594152000 3098249
2837 594152000 3098474
2838 594152000 3098696
2839 594152000 3098914
2840 594152000 3099129
2841 594152000 3099340
2842 594152000 3099548
2843 594152000 3099752
2844 594152000 3099952
2845 594152000 3100149
2846 594152000 3100343
2847 594152000 3100533
2848 594152000 3100719
2849 594152000 3100902
2850 594152000 3101081
2851 594152000 3101256
2852 594152000 3101428
2853 594152000 3101597
2854 594152000 3101762
2855 594152000 3101923
2856 594152000 3102081
2857 594152000 3102235
2858 594152000 3102386
2859 594152000 3102533
2860 594152000 3102677
2861 594152000 3102817
2862 594152000 3102953
2863 594152000 3103086
2864 594152000 3103216
2865 594152000 3103341
2866 594152000 3103464
2867 594152000 3103582
2868 594152000 3103697
2869 594152000 3103809
2870 594152000 3103917
2871 594152000 3104021
2872 594152000 3104122
2873 594152000 3104220
2874 594152000 3104313
2875 594152000 3104404
2876 594152000 3104490
2877 594152000 3104573
2878 594152000 3104653
2879 594152000 3104729
2880 594152000 3104801
2881 594152000 3104870
2882 594152000 3104935
2883 594152000 3104997
2884 594152000 3105055
2885 594152000 3105110
2886 594152000 3105161
2887 594152000 3105208
2888 594152000 3105252
2889 594152000 3105293
2890 594152000 3105330
2891 594152000 3105363
2892 594152000 3105392
2893 594152000 3105419
2894 594152000 3105441
2895 594152000 3105460
2896 594152000 3105476
2897 594152000 3105487
2898 594152000 3105496
2899 594152000 3105500
2900 594152000 3105502
